rmse: 41.64600000000001
r2: 0.9817934437173912
mae: 4.1646
